[82.06] 1
[-18.00] 1
[33.03] 1
[-1.98] 1
[-9.37] 1
[46.89] 1
[46.01] 1
[-2598.28] 1
[-12743.33] 1
[-1528.43] 1
[-8.81] 1
[4.00] 1
[.98] 1
[-20179.61] 1
[-1.94] 1
[-.97] 2
[-38.61] 1
[-1.25] 1
[-1348.47] 1
[-1.01] 1
[-61.28] 1
[-6999.76] 1
[-14845.15] 1
[16.00] 5
[-2221.11] 1
[-12005.04] 1
[-16898.57] 1
[-21184.38] 1
[-1.97] 1
[1.92] 1
[-7443.05] 1
[-12259.25] 1
[9.29] 1
[-1.00] 2
[-14050.95] 1
[18444.00] 1
[-16.01] 1
[7.96] 1
[-52.30] 1
[-5803.45] 1
[16.01] 1
[-13165.51] 1
[27.18] 1
[42.01] 86
[-48.44] 1
[-18464.26] 1
[-5.26] 1
[-.91] 1
[-5.98] 1
[-20848.53] 1
[-14.96] 1
[-27.98] 1
[-1.96] 1
[-.99] 1
[-56.09] 1
[-17.01] 1
[17.69] 1
[32.00] 1
[-17873.00] 1
[-28.04] 1
[-19035.79] 1
[-17853.29] 1
[-5705.88] 1
[-65.99] 1
[-18128.82] 1
[-17651.13] 1
[.97] 1
[13.32] 1
[13.20] 1
[-16438.95] 1
[-24862.75] 1
[-47.56] 1
[-36.75] 1
[-7728.98] 1
